//----- Variables -----------------------------------------------------------------------------------------------------

Active ball count = 12
All balls gone? = 
Ball count = 69
BONUS.+1 BALL = 1
BONUS.+2 BALL = 2
BONUS.GROW = 5
BONUS.POWER UP = 4
BONUS.SHRINK = 6
BONUS.x2 DAMAGE = 3
done? = 88
Game over? = 0
Hovered activatable = 0
Level = 0
Power = 0
POWERUP.BOOM = 9
POWERUP.BOUNCEFLOOR = 3
POWERUP.FIRE = 8
POWERUP.FREEZE = 6
POWERUP.GROW = 1
POWERUP.MULTIBALL = 7
POWERUP.POLYUP = 2
POWERUP.QUADDAMAGE = 5
POWERUP.SCATTER = 4
Score = 55240
SCREEN.X.OFFSET = -56
Selected activatable = 0
SfxVolume = 100
Target.angle = 24.982826324103
Vel.x = 6.2624847704301
Vel.y = -19.089838418066
☁ horrid celery = 1
☁ yucky asparagus - 0 = 1815110315040518000000001155000009021012100000000000000001180200000012183130011000000000000000000000000000000000000000000000052005000000162435180201000000000000000000000001000000000000000000000001160000000106011809000000000000000000000000021212000000000000
☁ yucky asparagus - 1 = 0000000000000000010000000000000000000000520200000001000000000000000000000000000000001701000000000000000000000030000000110110111000000000000000000000000002103010010000000000000103200000000000000000000000000000000701000000130519101414000000000000100000000002
☁ yucky asparagus - 2 = 2102010000000000000000000000000014300715180000000000000000000000003704010000000000000000000000000000260100000000000000000000005300000033203100000000000000000000000000000302010132000000000000000000000000100311232010000000000006000000000001200000000000000000
☁ yucky asparagus - 3 = 0000000000000002000000000000000000000000070000001515020907000000000000000600000000011111011000000000000000000000000006093613041123000000000121920000003001120000000000000000030110000000000000000000000000000000000000000020030000000000000000000090730000002000
☁ yucky asparagus - 4 = 0000000000000000000000000000000210022130000000000000000000000000060130010000000000000002012000000020000000000000000000000000000000000201330511210000000000000000000000010000000000000000000000000000000008050813300201000000000010000000001001000000000000000000
☁ yucky asparagus - 5 = 0101130000003014000000000000000000000000000000121100000000000000000000007000000010032013000000000000000000000000003110000000000000000000080000000000020133000000000000000003105100000000000000000000000000000000000000001801300401000000000000000005000000151011
☁ yucky asparagus - 6 = 13000000000000000000000000000105300000000000000000012012000000110000000000000000000000010000000003370000000000000000000190000000000211101000000000000000000000000000


//----- Lists ---------------------------------------------------------------------------------------------------------

Ball.multiplier = { 
    2
    2
    2
    2
    2
    2
    2
    2
    2
    2
    2
    2
    2
    2
    2
    1
    1
    1
    2
    2
    1
    1
    1
    1
    2
    1
    1
    1
    1
    1
    1
    1
    1
    1
    1
    2
    1
    1
    1
    1
    1
    1
    1
    1
    1
    2
    1
    1
    1
    1
    1
    1
    2
    1
    1
    1
    1
    1
    1
    1
    1
    1
    1
    1
    1
    2
    1
    1
}
Ball.size = { 
    2
    2
    2
    2
    2
    2
    2
    2
    3
    3
    3
    4
    3
    3
    3
    3
    3
    3
    3
    3
    4
    3
    3
    3
    3
    3
    3
    3
    3
    3
    3
    3
    4
    3
    3
    3
    3
    3
    3
    3
    3
    3
    3
    3
    3
    3
    3
    3
    2
    3
    3
    3
    3
    3
    3
    3
    3
    3
    4
    3
    3
    3
    3
    3
    3
    3
    3
    3
}
Bonus.hit? = { 
    0
    0
    0
    0
    0
    0
    0
    0
    0
    0
    0
    0
    0
    0
    0
    0
    0
    0
    0
    0
    0
    0
    0
    0
    0
    0
    0
    0
    0
    0
    0
    0
    0
    0
    0
    0
    0
    0
    0
    0
    0
    0
    0
    0
    0
    0
    0
    0
    0
    0
    0
    0
    0
    0
    0
    0
    0
    0
    0
    0
    0
    0
    0
    0
    0
    0
    0
    0
    0
    0
    0
    0
    0
    0
    0
    0
    0
    0
    0
    0
    0
    0
    0
    0
    0
    0
    0
    0
    0
    0
    0
    0
    0
    0
    0
    0
    0
    0
    0
    0
    0
    0
    0
    0
    0
    0
    0
    0
    0
    0
    0
    0
    0
    0
    0
    0
    0
    0
    0
    0
    0
    0
    0
}
Bonus.hits remaining = { 
    0
    0
    0
    0
    0
    0
    0
    0
    0
    0
    0
    0
    0
    0
    0
    0
    0
    0
    0
    0
    0
    0
    0
    0
    0
    0
    0
    0
    0
    0
    0
    0
    0
    0
    0
    0
    0
    0
    0
    0
    0
    0
    0
    0
    0
    0
    0
    0
    0
    0
    0
    0
    0
    0
    0
    0
    0
    0
    0
    0
    0
    0
    0
    0
    0
    0
    0
    0
    0
    0
    0
    0
    0
    0
    0
    0
    0
    0
    0
    0
    0
    0
    0
    0
    0
    0
    0
    0
    0
    0
    0
    0
    0
    0
    0
    0
    0
    0
    0
    0
    0
    0
    0
    0
    0
    0
    0
    0
    0
    0
    0
    0
    0
    0
    0
    0
    0
    0
    0
    0
    0
    0
    0
}
Bonus.type = { 
    3
    1
    6
    1
    1
    3
    5
    4
    4
    1
    3
    6
    6
    6
    3
    6
    3
    6
    6
    6
    1
    6
    1
    1
    1
    3
    4
    5
    5
    1
    5
    2
    6
    5
    1
    3
    2
    2
    3
    1
    5
    5
    1
    5
    3
    3
    6
    2
    2
    4
    3
    3
    4
    6
    1
    5
    5
    2
    3
    5
    6
    4
    2
    2
    4
    4
    2
    6
    1
    5
    5
    2
    6
    3
    3
    2
    3
    1
    1
    2
    2
    3
    6
    6
    2
    1
    2
    3
    4
    6
    1
    6
    6
    3
    1
    1
    6
    2
    3
    1
    1
    2
    5
    1
    5
    5
    6
    2
    4
    2
    1
    3
    6
    1
    4
    1
    5
    4
    3
    6
    2
    3
    2
}
Bonus.x = { 
    -146
    -56
    34
    -168.5
    -33.5
    11.5
    -101
    79
    -78.5
    -123.5
    -78.5
    -33.5
    -101
    -168.5
    -123.5
    11.5
    -78.5
    -56
    -123.5
    11.5
    79
    -168.5
    -33.5
    11.5
    -101
    -56
    -123.5
    -78.5
    -191
    -146
    11.5
    56.5
    -146
    34
    79
    56.5
    -146
    79
    56.5
    -56
    -11
    79
    -123.5
    56.5
    -146
    -11
    34
    11.5
    56.5
    -146
    -11
    -11
    -191
    -11
    34
    56.5
    -56
    -168.5
    -78.5
    -56
    -123.5
    -78.5
    -146
    34
    -78.5
    56.5
    -101
    -168.5
    -11
    34
    -33.5
    34
    -168.5
    -123.5
    56.5
    -168.5
    -101
    -56
    -123.5
    -33.5
    56.5
    -146
    -56
    -168.5
    -33.5
    -168.5
    -78.5
    -146
    -11
    11.5
    56.5
    34
    79
    -191
    -101
    -191
    -123.5
    -191
    -191
    34
    -56
    -168.5
    34
    79
    -168.5
    -78.5
    -33.5
    11.5
    -56
    34
    -78.5
    -191
    -123.5
    -146
    -123.5
    79
    56.5
    -78.5
    -146
    34
    -168.5
    -78.5
    -101
}
Bonus.y = { 
    -155
    -110
    157
    -110
    -155
    70
    -65
    -110
    -110
    -65
    -110
    -155
    -155
    -155
    -155
    -155
    -65
    -110
    -65
    -155
    -155
    157
    -20
    -20
    -155
    -155
    -155
    -155
    -110
    -155
    -65
    -65
    -110
    -110
    -110
    -155
    -155
    -155
    70
    -110
    -110
    -155
    -155
    -20
    25
    -155
    -155
    -155
    -155
    -155
    -110
    -155
    -155
    -110
    -155
    -155
    -155
    -155
    -155
    -155
    -155
    -110
    -110
    -110
    -155
    -155
    -155
    -110
    -155
    -155
    -155
    -110
    -110
    -20
    -155
    -65
    -110
    -110
    -155
    -155
    -155
    -155
    -155
    157
    -155
    -110
    -65
    -155
    -155
    -65
    -65
    -110
    -110
    157
    -110
    -110
    -155
    -20
    -110
    -155
    -110
    -155
    -155
    -155
    -155
    -155
    -155
    -155
    -155
    -155
    -155
    70
    -155
    -155
    -155
    -155
    -155
    -155
    -155
    -110
    -155
    -155
    -110
}
Highscore.Ball = { 
    9
    0
    0
    0
    0
    0
    0
    0
    0
    0
    0
    0
    0
    0
    0
    0
    0
    0
    0
    0
    0
    0
    0
    0
    0
    0
    0
    0
    0
    0
    0
    0
    0
    0
    0
    0
    0
    0
    0
    0
    0
    0
    0
    0
    0
    0
    0
    0
    0
    0
}
Highscore.Name = { 
    rokcoder
    bjlj
    lr43aj
    
    px8rba
    a
    afari
    bll
    a
    a
    qa
    kajkj
    bj3ja
    
    mesjnn
    buba
    n3gor
    -da
    za
    6t4
    cbaa5
    jckwtj
    at
    b
    oobig
    akkaj
    fi9mdkw
    3al
    
    tc
    t
    bjbu3
    fa3a
    t
    ba6eku
    a
    hehm3ba
    ja
    3n
    lk
    jctm
    4j
    ba6
    
    ra3da
    ojkm
    ae3
    k
    c-
    bkjj
}
Highscore.Row = { 
    0
    0
    0
    0
    0
    0
    0
    0
    0
    0
    0
    0
    0
    0
    0
    0
    0
    0
    0
    0
    0
    0
    0
    0
    0
    0
    0
    0
    0
    0
    0
    0
    0
    0
    0
    0
    0
    0
    0
    0
    0
    0
    0
    0
    0
    0
    0
    0
    0
    0
}
Highscore.Score = { 
    1155
    11802
    0
    52005
    0
    116
    0
    0
    5202
    0
    30
    0
    10320
    701
    1000
    0
    0
    0
    53
    0
    0
    60000
    0
    7
    600
    0
    12192
    30110
    0
    9073
    0
    0
    20120
    0
    0
    0
    1000
    10113
    0
    70
    0
    80000
    31051
    0
    5
    0
    12012
    100
    19000
    0
}
NewRow.BonusData = { }
NewRow.ObstacleData = { }
Obstacle.hit? = { 
    0
    0
    0
    0
    0
    0
    0
    0
    0
    0
    0
    0
    0
    0
    0
    0
    0
    0
    0
    0
    0
    0
    0
    0
    0
    0
    0
    0
    0
    0
    0
    0
    0
    0
    0
    0
    0
    0
    0
    0
    0
    0
    0
    0
    0
    0
    0
    0
    0
    0
    0
    0
    0
    0
    0
    0
    0
    0
    0
    0
    0
    0
    0
    0
    0
    0
    0
    0
    0
    0
    0
    0
    0
    0
    0
    0
    0
    0
    0
    0
    0
    0
    0
    0
    0
    0
    0
    0
    0
    0
    0
    0
    0
    0
    0
    0
    0
    0
    0
    0
    0
    0
    0
    0
    0
    0
    0
    0
    0
    0
    0
    0
    0
    0
    0
    0
    0
    0
    0
    0
    0
    0
    0
    0
    0
    0
    0
    0
    0
    0
    0
    0
    0
    0
    0
    0
    0
    0
    0
    0
    0
    0
    0
    0
    0
    0
    0
    0
    0
    0
    0
    0
    0
    0
    0
    0
    0
    0
    0
    0
    0
    0
    0
    0
    0
    0
    0
    0
    0
    0
    0
    0
    0
    0
    0
    0
    0
    0
    0
    0
    0
    0
    0
    0
    0
    0
    0
    0
    0
    0
    0
    0
    0
    0
    0
    0
    0
    0
    0
    0
    0
    0
    0
    0
    0
    0
    0
    0
    0
    0
    0
    0
    0
    0
    0
    0
    0
    0
    0
    0
    0
    0
    0
    0
    0
    0
    0
    0
    0
    0
    0
    0
    0
    0
    0
    0
    0
    0
    0
    0
    0
    0
    0
    0
    0
    0
    0
    0
    0
    0
    0
    0
    0
    0
    0
    0
    0
    0
    0
    0
    0
    0
    0
    0
    0
    0
    0
    0
    0
    0
    0
    0
    0
    0
    0
    0
    0
    0
    0
    0
    0
    0
    0
    0
    0
    0
    0
    0
    0
    0
    0
    0
    0
    0
    0
    0
    0
    0
    0
    0
    0
    0
    0
    0
    0
    0
    0
    0
    0
    0
    0
    0
    0
    0
    0
    0
    0
    0
    0
    0
    0
    0
    0
    0
    0
    0
    0
    0
    0
    0
    0
    0
    0
    0
    0
    0
    0
    0
    0
    0
    0
    0
    0
    0
    0
    0
    0
    0
    0
    0
    0
    0
    0
    0
    0
    0
    0
    0
    0
    0
    0
    0
    0
    0
    0
    0
    0
    0
    0
    0
    0
    0
    0
    0
    0
    0
    0
    0
    0
    0
}
Obstacle.Hits remaining = { 
    0
    0
    0
    0
    0
    0
    0
    0
    0
    0
    0
    0
    0
    0
    0
    0
    0
    0
    0
    0
    0
    0
    0
    0
    0
    0
    0
    0
    0
    0
    0
    0
    0
    0
    0
    0
    0
    0
    0
    0
    0
    0
    0
    0
    0
    0
    0
    0
    0
    0
    0
    0
    0
    0
    0
    0
    0
    0
    0
    0
    0
    0
    0
    0
    0
    0
    0
    0
    0
    0
    0
    0
    0
    0
    0
    0
    0
    0
    0
    0
    0
    0
    0
    0
    0
    0
    0
    0
    0
    0
    0
    0
    0
    0
    0
    0
    0
    0
    0
    0
    0
    0
    0
    0
    0
    0
    0
    0
    0
    0
    0
    0
    0
    0
    0
    0
    0
    0
    0
    0
    0
    0
    0
    0
    0
    0
    0
    0
    0
    0
    0
    0
    0
    0
    0
    0
    0
    0
    0
    0
    0
    0
    0
    0
    0
    0
    0
    0
    0
    0
    0
    0
    0
    0
    0
    0
    0
    0
    0
    0
    0
    0
    0
    0
    0
    0
    0
    0
    0
    0
    0
    0
    0
    0
    0
    0
    0
    0
    0
    0
    0
    0
    0
    0
    0
    0
    0
    0
    0
    0
    0
    0
    0
    0
    0
    0
    0
    0
    0
    0
    0
    0
    0
    0
    0
    0
    0
    0
    0
    0
    0
    0
    0
    0
    0
    0
    0
    0
    0
    0
    0
    0
    0
    0
    0
    0
    0
    0
    0
    0
    0
    0
    0
    0
    0
    0
    0
    0
    0
    0
    0
    0
    0
    0
    0
    0
    0
    0
    0
    0
    0
    0
    0
    0
    0
    0
    0
    0
    0
    0
    0
    0
    0
    0
    0
    0
    0
    0
    0
    0
    0
    0
    0
    0
    0
    0
    0
    0
    0
    0
    0
    0
    0
    0
    0
    0
    0
    0
    0
    0
    0
    0
    0
    0
    0
    0
    0
    0
    0
    0
    0
    0
    0
    0
    0
    0
    0
    0
    0
    0
    0
    0
    0
    0
    0
    0
    0
    0
    0
    0
    0
    0
    0
    0
    0
    0
    0
    0
    0
    0
    0
    0
    0
    0
    0
    0
    0
    0
    0
    0
    0
    0
    0
    0
    0
    0
    0
    0
    0
    0
    0
    0
    0
    0
    0
    0
    0
    0
    0
    0
    0
    0
    0
    0
    0
    0
    0
    0
    0
    49
    0
    0
    119
    0
    0
    0
    0
    0
    16
    156
}
Obstacle.rotation = { 
    47
    -175
    25
    139
    41
    21
    -64
    -11
    -58
    -82
    -34
    124
    -154
    -126
    21
    -139
    -67
    -38
    159
    41
    -56
    -34
    93
    -62
    -84
    -26
    38
    152
    -140
    42
    8
    107
    -130
    -73
    0
    78
    134
    -40
    -129
    79
    82
    -56
    46
    -113
    70
    -87
    38
    -73
    84
    180
    -70
    -73
    102
    82
    4
    -148
    -78
    155
    20
    97
    -126
    119
    142
    158
    -151
    53
    101
    95
    -170
    70
    -91
    -68
    -63
    87
    102
    -65
    95
    92
    -151
    100
    -51
    84
    54
    -171
    -20
    -102
    -127
    141
    154
    -146
    -79
    97
    20
    82
    -121
    -116
    45
    -166
    101
    83
    54
    -16
    33
    100
    82
    178
    166
    3
    53
    -11
    180
    140
    33
    -31
    -156
    117
    2
    128
    40
    88
    149
    -56
    97
    102
    180
    -78
    23
    -117
    79
    -103
    -80
    -48
    136
    -12
    -27
    106
    -87
    -162
    -82
    99
    -122
    -173
    -4
    -52
    -172
    -111
    -81
    -99
    52
    -179
    -88
    -110
    -130
    94
    -149
    162
    -162
    147
    -17
    -32
    -50
    3
    23
    -179
    -111
    75
    -89
    77
    154
    -93
    55
    -102
    137
    -147
    -50
    -94
    80
    -117
    5
    -45
    55
    -161
    -105
    61
    -66
    -110
    28
    -92
    159
    -142
    156
    169
    27
    103
    -17
    79
    -117
    -164
    -83
    153
    147
    -168
    135
    -156
    -132
    25
    119
    -61
    129
    -172
    164
    -179
    9
    2
    -122
    11
    5
    167
    171
    117
    141
    55
    -56
    170
    -59
    141
    159
    -82
    171
    -168
    99
    -101
    -57
    -133
    176
    -127
    4
    -23
    -147
    -64
    -90
    -50
    115
    -46
    75
    -108
    -24
    -42
    26
    -22
    -40
    -16
    -175
    102
    42
    90
    77
    27
    90
    133
    -173
    58
    10
    -5
    -143
    -117
    -49
    133
    -63
    169
    -52
    75
    12
    37
    -177
    132
    -137
    21
    -1
    59
    110
    54
    -82
    88
    -1
    -2
    -160
    -89
    -68
    158
    34
    26
    59
    -156
    56
    1
    -64
    87
    59
    10
    34
    -122
    -70
    -118
    -24
    -57
    85
    48
    -159
    149
    -24
    -61
    116
    153
    120
    136
    -91
    3
    11
    -2
    -153
    -172
    -36
    -153
    -77
    -37
    -132
    40
    -44
    -57
    154
    -140
    15
    -95
    129
    -67
    -108
    -57
    -147
    148
    -144
    166
    -75
    156
    -40
    -52
    -8
    122
    41
    -3
    14
    -12
    31
    -90
    54
    101
    179
    94
    76
    149
    -86
    -60
    -171
    -19
    -143
    34
    -56
    4
    28
    -166
    50
    22
    140
    -152
    -97
    -19
    -171
    12
    145
    2
}
Obstacle.scale = { 
    40
    24
    30
    30
    40
    30
    40
    24
    24
    24
    36
    24
    36
    40
    40
    24
    30
    36
    36
    24
    40
    36
    36
    30
    40
    36
    36
    36
    30
    36
    24
    24
    40
    24
    36
    36
    24
    36
    24
    40
    36
    30
    30
    40
    36
    36
    40
    24
    40
    24
    36
    24
    36
    24
    36
    40
    30
    40
    36
    36
    30
    30
    30
    30
    24
    30
    24
    24
    24
    30
    24
    36
    30
    30
    30
    36
    40
    30
    30
    24
    36
    30
    30
    40
    30
    24
    24
    30
    40
    40
    40
    40
    30
    40
    24
    36
    36
    40
    24
    36
    30
    40
    36
    40
    36
    36
    24
    36
    24
    40
    40
    30
    24
    36
    40
    40
    36
    36
    30
    36
    40
    30
    40
    36
    30
    24
    36
    24
    36
    24
    30
    36
    36
    36
    30
    24
    30
    24
    30
    30
    36
    24
    24
    36
    36
    24
    36
    36
    36
    30
    24
    36
    36
    40
    40
    24
    30
    30
    40
    24
    36
    40
    30
    40
    30
    36
    36
    24
    40
    36
    36
    40
    24
    24
    30
    24
    40
    30
    36
    40
    40
    30
    30
    30
    24
    36
    30
    30
    40
    40
    24
    24
    36
    40
    40
    40
    40
    24
    30
    40
    24
    24
    30
    30
    40
    40
    40
    40
    36
    24
    30
    36
    36
    40
    30
    24
    30
    40
    24
    30
    24
    24
    30
    30
    40
    30
    30
    24
    36
    30
    36
    24
    40
    36
    36
    40
    40
    36
    30
    24
    40
    30
    40
    36
    36
    36
    36
    36
    24
    30
    24
    40
    30
    24
    36
    24
    36
    40
    36
    30
    40
    36
    24
    36
    40
    40
    30
    36
    30
    24
    40
    24
    24
    40
    24
    40
    40
    40
    30
    40
    36
    40
    36
    36
    24
    30
    36
    40
    24
    24
    30
    40
    36
    36
    24
    24
    24
    30
    30
    30
    40
    40
    40
    24
    36
    36
    30
    40
    30
    24
    36
    40
    24
    40
    40
    24
    36
    36
    30
    24
    40
    24
    24
    24
    40
    30
    30
    40
    30
    36
    30
    24
    40
    30
    40
    24
    36
    40
    30
    24
    40
    40
    36
    24
    30
    30
    30
    40
    30
    40
    40
    30
    24
    40
    24
    24
    40
    36
    24
    36
    36
    30
    36
    36
    36
    36
    36
    36
    24
    30
    36
    40
    36
    36
    30
    30
    40
    30
    36
    40
}
Obstacle.type = { 
    1
    3
    2
    2
    1
    2
    1
    3
    3
    3
    4
    3
    4
    1
    1
    3
    2
    4
    4
    3
    1
    4
    4
    2
    1
    4
    4
    4
    2
    4
    3
    3
    1
    3
    4
    4
    3
    4
    3
    1
    4
    2
    2
    1
    4
    4
    1
    3
    1
    3
    4
    3
    4
    3
    4
    1
    2
    1
    4
    4
    2
    2
    2
    2
    3
    2
    3
    3
    3
    2
    3
    4
    2
    2
    2
    4
    1
    2
    2
    3
    4
    2
    2
    1
    2
    3
    3
    2
    1
    1
    1
    1
    2
    1
    3
    4
    4
    1
    3
    4
    2
    1
    4
    1
    4
    4
    3
    4
    3
    1
    1
    2
    3
    4
    1
    1
    4
    4
    2
    4
    1
    2
    1
    4
    2
    3
    4
    3
    4
    3
    2
    4
    4
    4
    2
    3
    2
    3
    2
    2
    4
    3
    3
    4
    4
    3
    4
    4
    4
    2
    3
    4
    4
    1
    1
    3
    2
    2
    1
    3
    4
    1
    2
    1
    2
    4
    4
    3
    1
    4
    4
    1
    3
    3
    2
    3
    1
    2
    4
    1
    1
    2
    2
    2
    3
    4
    2
    2
    1
    1
    3
    3
    4
    1
    1
    1
    1
    3
    2
    1
    3
    3
    2
    2
    1
    1
    1
    1
    4
    3
    2
    4
    4
    1
    2
    3
    2
    1
    3
    2
    3
    3
    2
    2
    1
    2
    2
    3
    4
    2
    4
    3
    1
    4
    4
    1
    1
    4
    2
    3
    1
    2
    1
    4
    4
    4
    4
    4
    3
    2
    3
    1
    2
    3
    4
    3
    4
    1
    4
    2
    1
    4
    3
    4
    1
    1
    2
    4
    2
    3
    1
    3
    3
    1
    3
    1
    1
    1
    2
    1
    4
    1
    4
    4
    3
    2
    4
    1
    3
    3
    2
    1
    4
    4
    3
    3
    3
    2
    2
    2
    1
    1
    1
    3
    4
    4
    2
    1
    2
    3
    4
    1
    3
    1
    1
    3
    4
    4
    2
    3
    1
    3
    3
    3
    1
    2
    2
    1
    2
    4
    2
    3
    1
    2
    1
    3
    4
    1
    2
    3
    1
    1
    4
    3
    2
    2
    2
    1
    2
    1
    1
    2
    3
    1
    3
    3
    1
    4
    3
    4
    4
    2
    4
    4
    4
    4
    4
    4
    3
    2
    4
    1
    4
    4
    2
    2
    1
    2
    4
    1
}
Obstacle.x = { 
    -191
    -101
    -123.5
    -78.5
    56.5
    -146
    -56
    -168.5
    -33.5
    11.5
    -146
    79
    11.5
    -191
    -146
    -56
    -11
    34
    -168.5
    -78.5
    11.5
    -101
    -56
    79
    -78.5
    56.5
    -191
    -146
    -56
    -11
    34
    79
    -168.5
    -33.5
    11.5
    -146
    -11
    34
    79
    -78.5
    -33.5
    56.5
    -101
    -11
    -123.5
    -78.5
    -33.5
    11.5
    56.5
    -56
    -11
    34
    79
    -168.5
    -78.5
    56.5
    -11
    -123.5
    -78.5
    11.5
    56.5
    -11
    34
    -33.5
    56.5
    -11
    34
    79
    -168.5
    -123.5
    -78.5
    -56
    -168.5
    11.5
    -191
    -56
    -11
    -168.5
    -123.5
    -33.5
    -191
    -146
    -101
    -78.5
    -33.5
    -191
    -101
    -56
    -123.5
    -78.5
    56.5
    -146
    -101
    -56
    34
    -168.5
    -33.5
    -191
    -101
    -56
    34
    79
    -168.5
    -123.5
    -33.5
    -191
    -146
    -101
    -56
    -168.5
    -123.5
    -33.5
    11.5
    -101
    79
    -168.5
    -78.5
    -33.5
    11.5
    -191
    -101
    -11
    34
    -33.5
    11.5
    56.5
    -191
    -11
    -33.5
    11.5
    56.5
    -191
    -11
    79
    -123.5
    -78.5
    -33.5
    11.5
    -191
    -146
    -56
    -11
    -168.5
    -123.5
    -33.5
    11.5
    -146
    -11
    34
    79
    -33.5
    11.5
    -146
    -101
    -56
    79
    -168.5
    -123.5
    -78.5
    11.5
    -191
    -146
    -101
    -56
    -78.5
    -33.5
    11.5
    -191
    -56
    34
    79
    -168.5
    -123.5
    -78.5
    -33.5
    11.5
    56.5
    -191
    -146
    34
    79
    -78.5
    11.5
    -191
    -146
    34
    -168.5
    -78.5
    11.5
    -191
    -101
    34
    -78.5
    56.5
    -146
    -101
    -11
    34
    79
    -33.5
    11.5
    -191
    -101
    34
    79
    -168.5
    -123.5
    -78.5
    -33.5
    -146
    -101
    -56
    -168.5
    -78.5
    11.5
    56.5
    -146
    -101
    -56
    -11
    34
    79
    -168.5
    -78.5
    -33.5
    11.5
    56.5
    -191
    -56
    34
    79
    -168.5
    -123.5
    -78.5
    -33.5
    11.5
    56.5
    -146
    -101
    -56
    -11
    34
    79
    -168.5
    -78.5
    -33.5
    -191
    -146
    -101
    -56
    -11
    -168.5
    -123.5
    -33.5
    11.5
    56.5
    -146
    -101
    -56
    34
    79
    -168.5
    -123.5
    -78.5
    -33.5
    11.5
    -146
    -56
    -11
    79
    -168.5
    -123.5
    -78.5
    11.5
    -191
    -146
    -101
    -11
    34
    -78.5
    -33.5
    11.5
    -191
    -146
    -56
    -11
    34
    79
    -123.5
    -78.5
    -33.5
    11.5
    -191
    -101
    -56
    -11
    -78.5
    -33.5
    11.5
    -191
    -146
    -101
    -56
    34
    -168.5
    -123.5
    56.5
    -191
    -146
    -101
    -11
    79
    -168.5
    -123.5
    -33.5
    11.5
    56.5
    -146
    -56
    -11
    34
    79
    -168.5
    -123.5
    -78.5
    -33.5
    11.5
    -191
    -146
    -56
    -11
    79
    -168.5
    -78.5
    11.5
    56.5
    -191
    -101
    -56
    34
    79
    -168.5
    -78.5
    -33.5
    11.5
    56.5
    -191
    -146
    -101
    -56
    34
    -168.5
    -123.5
    -78.5
    -33.5
    11.5
    -191
    -11
    34
    -168.5
    -123.5
    -33.5
    56.5
    -191
    -101
    -56
    -11
    79
    -123.5
    11.5
    56.5
    -191
    -56
    34
    79
    -168.5
    -123.5
    -78.5
    -33.5
    11.5
}
Obstacle.y = { 
    25
    70
    -20
    25
    25
    -65
    115
    115
    -20
    -65
    70
    115
    70
    -65
    -110
    -155
    -65
    25
    -110
    -110
    25
    -110
    25
    -20
    25
    -65
    -155
    -155
    -110
    -110
    -110
    -110
    115
    70
    -155
    70
    115
    -155
    -155
    -20
    -155
    -110
    115
    -155
    115
    -110
    -110
    -110
    -110
    -65
    -155
    115
    -155
    -155
    115
    70
    115
    -65
    -155
    115
    -110
    -65
    115
    115
    -155
    -155
    25
    115
    -110
    -155
    -20
    115
    -155
    -110
    -20
    -155
    -110
    -65
    -65
    -20
    -110
    -110
    -110
    -65
    -155
    -110
    25
    -155
    -20
    -155
    70
    -65
    -20
    -110
    -155
    -110
    -65
    -155
    -65
    -110
    -65
    -65
    -65
    -65
    -155
    -155
    -110
    -65
    -155
    -155
    -110
    -110
    -110
    -155
    -110
    -110
    -110
    -155
    -65
    -155
    -110
    -155
    -65
    25
    -65
    25
    25
    -20
    70
    -65
    -155
    -20
    -110
    70
    -65
    -155
    -155
    -110
    -155
    -110
    -65
    -110
    -155
    25
    -155
    25
    115
    -110
    -155
    -155
    -65
    25
    -155
    -110
    -155
    70
    -155
    -20
    -155
    -155
    -155
    -155
    -155
    -155
    -155
    25
    -155
    115
    -20
    -155
    70
    -155
    -110
    -110
    -110
    -155
    -155
    25
    -155
    -110
    -20
    -65
    -155
    -110
    25
    -110
    -110
    -155
    -155
    -155
    -65
    -155
    -20
    -110
    25
    -155
    -155
    25
    -110
    -65
    -110
    -155
    -110
    -155
    70
    -20
    -20
    -155
    -155
    -65
    -155
    -20
    25
    -155
    25
    -155
    -20
    -155
    -20
    -155
    -155
    -65
    25
    -65
    -155
    -20
    -65
    -110
    -110
    -65
    -110
    -155
    -155
    -155
    -155
    -155
    -20
    -110
    -155
    -65
    -110
    -110
    -155
    -155
    -155
    -65
    -155
    25
    -155
    -155
    -110
    -155
    -155
    -110
    -155
    -155
    -20
    -65
    -155
    -155
    25
    -65
    25
    -110
    -155
    -155
    -20
    -155
    -155
    -110
    -20
    -20
    -155
    -110
    -110
    -20
    -155
    -65
    -155
    -20
    -155
    -110
    -155
    -155
    -155
    -20
    -155
    -155
    -155
    -65
    -110
    -110
    -110
    -110
    -110
    -110
    -110
    -110
    -110
    -20
    -110
    -155
    -155
    -155
    -110
    -110
    -65
    -155
    -155
    25
    -155
    -155
    -155
    -155
    -155
    -110
    -155
    -65
    -155
    25
    -110
    -110
    -110
    -110
    -110
    -65
    -65
    -155
    -110
    -155
    -65
    -155
    -65
    115
    -155
    -155
    115
    -155
    -65
    115
    -155
    -110
    -155
    -65
    115
    -110
    -110
    -155
    -155
    -110
    -65
    -155
    70
    -155
    -155
    -110
    -155
    -65
    -20
    -20
    -110
    25
    -65
    -65
    -155
    -155
    -20
    -155
    -65
    -65
    -155
    -155
    -110
    -110
    -155
    -155
    -155
    -155
    -155
    -155
}


//----- Costumes ------------------------------------------------------------------------------------------------------

background.svg


//----- Sounds --------------------------------------------------------------------------------------------------------

music.mp3
